Namespace(NSIDE=2048, asfx=['_input'], c=[], cat=['sdss_second'], full=True, i='./new_HZQ/buf/__buf__/cross-match_base_catalog_coords.fits', iDEC='dec', iRA='ra', iSEPNAME='sep:sep1', index='ix', merge=False, mpi=False, o='./new_HZQ/buf/__buf__/part-00000.sdss_fluxes.fits', r='1.0')
94/6/photoObj-000094-6-0516.fits 535979 535978
4 4 4
(8832, 8)
94/6/photoObj-000094-6-0515.fits 535977 535976
0 0 0
(8832, 7)
4849/6/photoObj-004849-6-0802.fits 300739 300738
5 5 5
(8832, 6)
2194/2/photoObj-002194-2-0214.fits 62752 62751
0 0 0
3630/1/photoObj-003630-1-0073.fits 152959 152958
0 0 0
4157/6/photoObj-004157-6-0223.fits 228423 228422
4 4 4
(8832, 5)
1345/1/photoObj-001345-1-0179.fits 13394 13393
2 2 2
2126/2/photoObj-002126-2-0038.fits 53867 53866
13 13 13
2194/2/photoObj-002194-2-0213.fits 62751 62750
0 0 0
2243/5/photoObj-002243-5-0184.fits 66718 66717
0 0 0
2305/6/photoObj-002305-6-0181.fits 73278 73277
12 12 12
2820/6/photoObj-002820-6-0214.fits 98777 98776
6 6 6
3630/1/photoObj-003630-1-0072.fits 152957 152956
2 2 2
3830/1/photoObj-003830-1-0142.fits 178988 178987
8 8 8
5327/1/photoObj-005327-1-0096.fits 355403 355402
19 19 19
5327/2/photoObj-005327-2-0026.fits 355412 355411
15 15 15
6572/1/photoObj-006572-1-0160.fits 424396 424395
0 0 0
6781/1/photoObj-006781-1-0065.fits 436449 436448
0 0 0
7727/4/photoObj-007727-4-0037.fits 467847 467846
4 4 4
(8832, 4)
1345/1/photoObj-001345-1-0178.fits 13362 13361
0 0 0
1450/4/photoObj-001450-4-0013.fits 24168 24167
1 1 1
1729/5/photoObj-001729-5-0438.fits 36419 36418
1 1 1
1737/5/photoObj-001737-5-0134.fits 37610 37609
0 0 0
1907/5/photoObj-001907-5-0015.fits 46294 46293
10 10 10
2137/4/photoObj-002137-4-0290.fits 57459 57458
0 0 0
2141/3/photoObj-002141-3-0062.fits 58548 58547
6 6 6
2188/2/photoObj-002188-2-0134.fits 59501 59500
3 3 3
2206/1/photoObj-002206-1-0356.fits 63761 63760
11 11 11
2327/3/photoObj-002327-3-0043.fits 75298 75297
0 0 0
2820/6/photoObj-002820-6-0213.fits 98776 98775
0 0 0
3015/3/photoObj-003015-3-0276.fits 120243 120242
3 3 3
3513/5/photoObj-003513-5-0027.fits 143114 143113
9 9 9
3530/6/photoObj-003530-6-0335.fits 146149 146148
0 0 0
3538/2/photoObj-003538-2-0063.fits 146370 146369
6 6 6
3606/4/photoObj-003606-4-0043.fits 150745 150744
0 0 0
3818/3/photoObj-003818-3-0298.fits 177616 177615
0 0 0
3830/1/photoObj-003830-1-0141.fits 178987 178986
14 14 14
3903/6/photoObj-003903-6-0409.fits 196908 196907
9 9 9
3903/6/photoObj-003903-6-0382.fits 196925 196924
3 3 3
3909/4/photoObj-003909-4-0312.fits 198427 198426
8 8 8
3909/6/photoObj-003909-6-0176.fits 198957 198956
0 0 0
3965/2/photoObj-003965-2-0015.fits 208507 208506
3 3 3
3965/4/photoObj-003965-4-0024.fits 208788 208787
4 4 4
3965/5/photoObj-003965-5-0069.fits 209018 209017
3 3 3
4469/6/photoObj-004469-6-0302.fits 249373 249372
5 5 5
4682/1/photoObj-004682-1-0291.fits 284628 284627
19 19 19
4682/3/photoObj-004682-3-0220.fits 285088 285087
0 0 0
4858/2/photoObj-004858-2-0492.fits 301260 301259
2 2 2
5322/5/photoObj-005322-5-0260.fits 352964 352963
10 10 10
5330/3/photoObj-005330-3-0111.fits 356135 356134
9 9 9
6004/2/photoObj-006004-2-0295.fits 395404 395403
0 0 0
6160/6/photoObj-006160-6-0038.fits 403116 403115
2 2 2
6161/1/photoObj-006161-1-0077.fits 403204 403203
0 0 0
6371/2/photoObj-006371-2-0094.fits 416968 416967
0 0 0
6572/1/photoObj-006572-1-0161.fits 424395 424394
17 17 17
6574/1/photoObj-006574-1-0156.fits 426967 426966
1 1 1
6727/3/photoObj-006727-3-0097.fits 433978 433977
11 11 11
6727/5/photoObj-006727-5-0094.fits 434163 434162
7 7 7
6749/1/photoObj-006749-1-0150.fits 435081 435080
0 0 0
6781/1/photoObj-006781-1-0066.fits 436447 436446
1 1 1
6781/3/photoObj-006781-3-0102.fits 436669 436668
0 0 0
756/4/photoObj-000756-4-0403.fits 450975 450974
0 0 0
756/5/photoObj-000756-5-0191.fits 451531 451530
0 0 0
7717/4/photoObj-007717-4-0269.fits 463778 463777
3 3 3
7772/1/photoObj-007772-1-0072.fits 474751 474750
11 11 11
7814/4/photoObj-007814-4-0030.fits 489833 489832
8 8 8
8055/4/photoObj-008055-4-0018.fits 508273 508272
0 0 0
8083/4/photoObj-008083-4-0179.fits 512734 512733
16 16 16
(8832, 3)
1045/4/photoObj-001045-4-0131.fits 4159 4158
7 7 7
1045/6/photoObj-001045-6-0131.fits 4443 4442
0 0 0
1231/1/photoObj-001231-1-0088.fits 6649 6648
0 0 0
1331/2/photoObj-001331-2-0204.fits 11260 11259
2 2 2
1402/4/photoObj-001402-4-0104.fits 20757 20756
3 3 3
1737/4/photoObj-001737-4-0023.fits 37361 37360
0 0 0
1737/5/photoObj-001737-5-0133.fits 37599 37598
0 0 0
1855/1/photoObj-001855-1-0060.fits 41748 41747
0 0 0
1869/4/photoObj-001869-4-0094.fits 42428 42427
22 22 22
1907/4/photoObj-001907-4-0177.fits 46230 46229
9 9 9
1907/5/photoObj-001907-5-0016.fits 46292 46291
0 0 0
2126/3/photoObj-002126-3-0320.fits 54577 54576
0 0 0
2126/5/photoObj-002126-5-0325.fits 55413 55412
6 6 6
2137/4/photoObj-002137-4-0289.fits 57458 57457
12 12 12
2141/3/photoObj-002141-3-0061.fits 58545 58544
0 0 0
2188/2/photoObj-002188-2-0135.fits 59500 59499
0 0 0
2190/5/photoObj-002190-5-0245.fits 61977 61976
15 15 15
2194/2/photoObj-002194-2-0277.fits 62815 62814
0 0 0
2206/1/photoObj-002206-1-0357.fits 63760 63759
0 0 0
2327/3/photoObj-002327-3-0042.fits 75293 75292
1 1 1
2327/4/photoObj-002327-4-0084.fits 75424 75423
8 8 8
2335/3/photoObj-002335-3-0012.fits 78750 78749
0 0 0
2582/1/photoObj-002582-1-0257.fits 89532 89531
0 0 0
259/6/photoObj-000259-6-0303.fits 92422 92421
4 4 4
2883/4/photoObj-002883-4-0135.fits 109821 109820
0 0 0
2964/4/photoObj-002964-4-0143.fits 114727 114726
6 6 6
3015/3/photoObj-003015-3-0277.fits 120240 120239
0 0 0
3015/4/photoObj-003015-4-0138.fits 120497 120496
7 7 7
3031/2/photoObj-003031-2-0187.fits 121887 121886
0 0 0
3358/3/photoObj-003358-3-0083.fits 137346 137345
0 0 0
3462/5/photoObj-003462-5-0030.fits 140890 140889
9 9 9
3462/5/photoObj-003462-5-0063.fits 140929 140928
10 10 10
3530/6/photoObj-003530-6-0336.fits 146146 146145
0 0 0
3538/2/photoObj-003538-2-0064.fits 146368 146367
3 3 3
3606/4/photoObj-003606-4-0042.fits 150744 150743
0 0 0
3631/1/photoObj-003631-1-0146.fits 154402 154401
6 6 6
3705/2/photoObj-003705-2-0415.fits 166559 166558
19 19 19
3818/3/photoObj-003818-3-0299.fits 177615 177614
1 1 1
3836/4/photoObj-003836-4-0059.fits 180604 180603
8 8 8
3894/3/photoObj-003894-3-0235.fits 189430 189429
5 5 5
3903/4/photoObj-003903-4-0406.fits 196213 196212
0 0 0
3903/6/photoObj-003903-6-0408.fits 196906 196905
1 1 1
3909/6/photoObj-003909-6-0175.fits 198955 198954
7 7 7
3910/4/photoObj-003910-4-0108.fits 199829 199828
13 13 13
3918/3/photoObj-003918-3-0106.fits 201257 201256
0 0 0
3927/2/photoObj-003927-2-0023.fits 205843 205842
12 12 12
3958/3/photoObj-003958-3-0015.fits 206447 206446
0 0 0
3958/5/photoObj-003958-5-0024.fits 206790 206789
4 4 4
3958/6/photoObj-003958-6-0069.fits 206998 206997
8 8 8
3958/6/photoObj-003958-6-0082.fits 207024 207023
6 6 6
3964/1/photoObj-003964-1-0141.fits 207207 207206
4 4 4
3996/2/photoObj-003996-2-0131.fits 211685 211684
3 3 3
4002/4/photoObj-004002-4-0033.fits 214296 214295
1 1 1
4263/2/photoObj-004263-2-0254.fits 234411 234410
0 0 0
4294/4/photoObj-004294-4-0035.fits 238021 238020
1 1 1
4344/6/photoObj-004344-6-0187.fits 243056 243055
13 13 13
4381/6/photoObj-004381-6-0081.fits 244974 244973
2 2 2
4469/1/photoObj-004469-1-0366.fits 247549 247548
4 4 4
4469/6/photoObj-004469-6-0301.fits 249372 249371
10 10 10
4504/2/photoObj-004504-2-0163.fits 251091 251090
0 0 0
4504/5/photoObj-004504-5-0101.fits 251673 251672
1 1 1
4576/4/photoObj-004576-4-0053.fits 263817 263816
6 6 6
4623/5/photoObj-004623-5-0218.fits 269611 269610
0 0 0
4632/2/photoObj-004632-2-0212.fits 271675 271674
11 11 11
4649/5/photoObj-004649-5-0210.fits 276522 276521
13 13 13
4670/5/photoObj-004670-5-0218.fits 278432 278431
0 0 0
4682/1/photoObj-004682-1-0290.fits 284626 284625
3 3 3
4682/3/photoObj-004682-3-0221.fits 285085 285084
0 0 0
4828/3/photoObj-004828-3-0585.fits 290626 290625
11 11 11
4832/6/photoObj-004832-6-0020.fits 295645 295644
14 14 14
5137/4/photoObj-005137-4-0072.fits 330396 330395
0 0 0
5194/3/photoObj-005194-3-0741.fits 339357 339356
5 5 5
5308/6/photoObj-005308-6-0352.fits 347368 347367
0 0 0
5322/5/photoObj-005322-5-0259.fits 352963 352962
18 18 18
5327/3/photoObj-005327-3-0053.fits 355524 355523
0 0 0
5330/2/photoObj-005330-2-0124.fits 356044 356043
0 0 0
5381/2/photoObj-005381-2-0044.fits 359841 359840
0 0 0
5714/1/photoObj-005714-1-0071.fits 378417 378416
18 18 18
5714/3/photoObj-005714-3-0038.fits 378915 378914
0 0 0
5976/1/photoObj-005976-1-0198.fits 391216 391215
3 3 3
5982/2/photoObj-005982-2-0135.fits 392626 392625
0 0 0
6160/6/photoObj-006160-6-0039.fits 403115 403114
0 0 0
6161/1/photoObj-006161-1-0076.fits 403201 403200
3 3 3
6174/2/photoObj-006174-2-0164.fits 408687 408686
1 1 1
6371/2/photoObj-006371-2-0093.fits 416967 416966
0 0 0
6574/1/photoObj-006574-1-0155.fits 426963 426962
3 3 3
6709/6/photoObj-006709-6-0067.fits 433709 433708
0 0 0
6727/3/photoObj-006727-3-0096.fits 433975 433974
0 0 0
6749/1/photoObj-006749-1-0149.fits 435078 435077
6 6 6
6781/3/photoObj-006781-3-0101.fits 436666 436665
7 7 7
752/4/photoObj-000752-4-0717.fits 447458 447457
0 0 0
756/2/photoObj-000756-2-0355.fits 449385 449384
0 0 0
756/4/photoObj-000756-4-0402.fits 450972 450971
0 0 0
756/5/photoObj-000756-5-0190.fits 451528 451527
6 6 6
7717/4/photoObj-007717-4-0268.fits 463775 463774
1 1 1
7718/6/photoObj-007718-6-0111.fits 466837 466836
8 8 8
7727/2/photoObj-007727-2-0179.fits 467290 467289
3 3 3
7770/1/photoObj-007770-1-0078.fits 474026 474025
0 0 0
7787/2/photoObj-007787-2-0335.fits 486791 486790
0 0 0
7807/1/photoObj-007807-1-0067.fits 488442 488441
0 0 0
7808/6/photoObj-007808-6-0050.fits 489299 489298
2 2 2
7814/4/photoObj-007814-4-0029.fits 489824 489823
0 0 0
7845/6/photoObj-007845-6-0101.fits 491897 491896
2 2 2
7908/2/photoObj-007908-2-0058.fits 497592 497591
0 0 0
7908/2/photoObj-007908-2-0157.fits 497689 497688
0 0 0
7932/2/photoObj-007932-2-0165.fits 503620 503619
2 2 2
8038/5/photoObj-008038-5-0086.fits 506501 506500
1 1 1
8055/1/photoObj-008055-1-0126.fits 508071 508070
15 15 15
8055/3/photoObj-008055-3-0119.fits 508256 508255
2 2 2
8055/4/photoObj-008055-4-0017.fits 508269 508268
13 13 13
8066/2/photoObj-008066-2-0062.fits 510890 510889
5 5 5
8083/4/photoObj-008083-4-0178.fits 512732 512731
4 4 4
8112/4/photoObj-008112-4-0135.fits 526447 526446
3 3 3
8151/1/photoObj-008151-1-0089.fits 531831 531830
0 0 0
(8832, 2)
1037/5/photoObj-001037-5-0189.fits 3173 3172
0 0 0
1045/4/photoObj-001045-4-0130.fits 4157 4156
0 0 0
1045/6/photoObj-001045-6-0132.fits 4440 4439
3 3 3
1140/1/photoObj-001140-1-0196.fits 5231 5230
0 0 0
1140/2/photoObj-001140-2-0237.fits 5537 5536
0 0 0
1140/5/photoObj-001140-5-0101.fits 6210 6209
0 0 0
1231/5/photoObj-001231-5-0125.fits 7333 7332
0 0 0
1241/2/photoObj-001241-2-0025.fits 8895 8894
0 0 0
1241/3/photoObj-001241-3-0129.fits 9172 9171
7 7 7
1331/2/photoObj-001331-2-0203.fits 11258 11257
0 0 0
1331/3/photoObj-001331-3-0240.fits 11529 11528
6 6 6
1345/3/photoObj-001345-3-0780.fits 15104 15103
0 0 0
1350/5/photoObj-001350-5-0113.fits 18766 18765
3 3 3
1453/6/photoObj-001453-6-0087.fits 24659 24658
8 8 8
1458/2/photoObj-001458-2-0694.fits 25483 25482
6 6 6
1458/5/photoObj-001458-5-0456.fits 26513 26512
1 1 1
1462/1/photoObj-001462-1-0127.fits 27163 27162
0 0 0
1462/3/photoObj-001462-3-0098.fits 28214 28213
0 0 0
1462/3/photoObj-001462-3-0634.fits 28711 28710
8 8 8
1462/5/photoObj-001462-5-0548.fits 29752 29751
11 11 11
1462/6/photoObj-001462-6-0494.fits 30187 30186
0 0 0
1473/3/photoObj-001473-3-0059.fits 30772 30771
7 7 7
1478/5/photoObj-001478-5-0072.fits 31761 31760
0 0 0
1659/3/photoObj-001659-3-0037.fits 32459 32458
17 17 17
1659/4/photoObj-001659-4-0164.fits 32864 32863
0 0 0
1659/5/photoObj-001659-5-0147.fits 33087 33086
7 7 7
1729/1/photoObj-001729-1-0042.fits 34285 34284
5 5 5
1729/5/photoObj-001729-5-0342.fits 36324 36323
0 0 0
1729/6/photoObj-001729-6-0488.fits 36926 36925
4 4 4
1737/3/photoObj-001737-3-0127.fits 37332 37331
11 11 11
1889/4/photoObj-001889-4-0099.fits 42784 42783
0 0 0
1897/6/photoObj-001897-6-0019.fits 44669 44668
0 0 0
1907/4/photoObj-001907-4-0176.fits 46226 46225
6 6 6
1992/4/photoObj-001992-4-0149.fits 48069 48068
0 0 0
2074/5/photoObj-002074-5-0145.fits 49110 49109
6 6 6
2076/6/photoObj-002076-6-0142.fits 50291 50290
6 6 6
2125/4/photoObj-002125-4-0262.fits 52827 52826
0 0 0
2125/5/photoObj-002125-5-0210.fits 53048 53047
7 7 7
2125/5/photoObj-002125-5-0275.fits 53113 53112
11 11 11
2126/3/photoObj-002126-3-0319.fits 54574 54573
7 7 7
2126/5/photoObj-002126-5-0324.fits 55411 55410
0 0 0
2131/5/photoObj-002131-5-0260.fits 56511 56510
0 0 0
2188/1/photoObj-002188-1-0198.fits 59377 59376
4 4 4
2188/3/photoObj-002188-3-0201.fits 59763 59762
3 3 3
2190/3/photoObj-002190-3-0371.fits 61393 61392
11 11 11
2247/1/photoObj-002247-1-0059.fits 67279 67278
5 5 5
2248/3/photoObj-002248-3-0138.fits 69037 69036
8 8 8
2248/3/photoObj-002248-3-0209.fits 69096 69095
0 0 0
2259/1/photoObj-002259-1-0032.fits 69707 69706
4 4 4
2327/4/photoObj-002327-4-0085.fits 75422 75421
7 7 7
2327/6/photoObj-002327-6-0074.fits 75590 75589
9 9 9
2334/4/photoObj-002334-4-0021.fits 77899 77898
7 7 7
2335/5/photoObj-002335-5-0062.fits 79066 79065
4 4 4
2379/2/photoObj-002379-2-0044.fits 80559 80558
0 0 0
2379/3/photoObj-002379-3-0096.fits 80772 80771
12 12 12
250/6/photoObj-000250-6-0256.fits 83962 83961
4 4 4
2566/2/photoObj-002566-2-0146.fits 86301 86300
0 0 0
2566/6/photoObj-002566-6-0207.fits 87584 87583
11 11 11
2574/3/photoObj-002574-3-0041.fits 88003 88002
14 14 14
2574/3/photoObj-002574-3-0092.fits 88056 88055
10 10 10
2574/4/photoObj-002574-4-0037.fits 88135 88134
4 4 4
2582/1/photoObj-002582-1-0258.fits 89531 89530
10 10 10
2822/1/photoObj-002822-1-0131.fits 99998 99997
9 9 9
2830/6/photoObj-002830-6-0410.fits 105960 105959
0 0 0
2864/2/photoObj-002864-2-0169.fits 107858 107857
5 5 5
2883/4/photoObj-002883-4-0134.fits 109819 109818
1 1 1
2887/4/photoObj-002887-4-0253.fits 110740 110739
3 3 3
2888/2/photoObj-002888-2-0031.fits 111157 111156
12 12 12
2964/2/photoObj-002964-2-0552.fits 114105 114104
0 0 0
2964/4/photoObj-002964-4-0561.fits 115145 115144
2 2 2
2986/4/photoObj-002986-4-0247.fits 117521 117520
1 1 1
2986/5/photoObj-002986-5-0109.fits 117684 117683
0 0 0
3015/3/photoObj-003015-3-0229.fits 120195 120194
0 0 0
3015/4/photoObj-003015-4-0139.fits 120493 120492
0 0 0
3031/2/photoObj-003031-2-0186.fits 121876 121875
0 0 0
3031/2/photoObj-003031-2-0261.fits 121960 121959
8 8 8
3031/5/photoObj-003031-5-0050.fits 123161 123160
8 8 8
3031/5/photoObj-003031-5-0095.fits 123192 123191
6 6 6
3059/1/photoObj-003059-1-0102.fits 124579 124578
4 4 4
3059/5/photoObj-003059-5-0066.fits 125152 125151
5 5 5
3187/4/photoObj-003187-4-0201.fits 133240 133239
16 16 16
3226/4/photoObj-003226-4-0146.fits 136387 136386
4 4 4
3462/5/photoObj-003462-5-0062.fits 140927 140926
0 0 0
3478/2/photoObj-003478-2-0121.fits 141443 141442
17 17 17
3518/4/photoObj-003518-4-0116.fits 143502 143501
9 9 9
3538/3/photoObj-003538-3-0107.fits 146620 146619
4 4 4
3560/5/photoObj-003560-5-0151.fits 149168 149167
6 6 6
3606/5/photoObj-003606-5-0018.fits 150836 150835
12 12 12
3630/4/photoObj-003630-4-0238.fits 153868 153867
0 0 0
3630/5/photoObj-003630-5-0148.fits 154020 154019
8 8 8
3631/3/photoObj-003631-3-0044.fits 155233 155232
0 0 0
3631/6/photoObj-003631-6-0336.fits 156637 156636
6 6 6
3644/5/photoObj-003644-5-0160.fits 159895 159894
7 7 7
3704/1/photoObj-003704-1-0155.fits 164819 164818
5 5 5
3704/4/photoObj-003704-4-0157.fits 165357 165356
8 8 8
3705/1/photoObj-003705-1-0321.fits 166064 166063
10 10 10
3705/2/photoObj-003705-2-0414.fits 166557 166556
0 0 0
3705/4/photoObj-003705-4-0323.fits 167277 167276
13 13 13
3804/1/photoObj-003804-1-0034.fits 172092 172091
2 2 2
3813/2/photoObj-003813-2-0357.fits 174543 174542
7 7 7
3818/4/photoObj-003818-4-0146.fits 177885 177884
4 4 4
3818/4/photoObj-003818-4-0226.fits 177957 177956
4 4 4
3830/3/photoObj-003830-3-0145.fits 179059 179058
6 6 6
3836/4/photoObj-003836-4-0058.fits 180602 180601
7 7 7
3894/1/photoObj-003894-1-0122.fits 188712 188711
0 0 0
3894/1/photoObj-003894-1-0259.fits 188859 188858
5 5 5
3894/3/photoObj-003894-3-0234.fits 189425 189424
5 5 5
3894/3/photoObj-003894-3-0261.fits 189451 189450
0 0 0
3894/5/photoObj-003894-5-0138.fits 189939 189938
6 6 6
3900/3/photoObj-003900-3-0579.fits 192361 192360
6 6 6
3900/4/photoObj-003900-4-0516.fits 193104 193103
1 1 1
3903/5/photoObj-003903-5-0415.fits 196612 196611
15 15 15
3910/4/photoObj-003910-4-0107.fits 199827 199826
13 13 13
3918/1/photoObj-003918-1-0242.fits 200586 200585
0 0 0
3918/1/photoObj-003918-1-0290.fits 200633 200632
7 7 7
3918/3/photoObj-003918-3-0105.fits 201253 201252
0 0 0
3919/5/photoObj-003919-5-0118.fits 204076 204075
12 12 12
3919/6/photoObj-003919-6-0118.fits 204368 204367
10 10 10
3926/1/photoObj-003926-1-0062.fits 204566 204565
28 28 28
3926/5/photoObj-003926-5-0140.fits 205439 205438
8 8 8
3926/6/photoObj-003926-6-0040.fits 205554 205553
0 0 0
3927/2/photoObj-003927-2-0022.fits 205840 205839
0 0 0
3958/6/photoObj-003958-6-0081.fits 207023 207022
20 20 20
3970/6/photoObj-003970-6-0026.fits 209561 209560
0 0 0
3992/4/photoObj-003992-4-0103.fits 211239 211238
8 8 8
3996/2/photoObj-003996-2-0130.fits 211683 211682
3 3 3
3997/1/photoObj-003997-1-0021.fits 212819 212818
19 19 19
4233/3/photoObj-004233-3-0017.fits 233642 233641
6 6 6
4233/4/photoObj-004233-4-0015.fits 233673 233672
12 12 12
4263/2/photoObj-004263-2-0253.fits 234407 234406
0 0 0
4264/3/photoObj-004264-3-0060.fits 236304 236303
6 6 6
4381/6/photoObj-004381-6-0080.fits 244972 244971
10 10 10
4469/1/photoObj-004469-1-0365.fits 247546 247545
4 4 4
4504/2/photoObj-004504-2-0162.fits 251088 251087
0 0 0
4504/2/photoObj-004504-2-0218.fits 251143 251142
5 5 5
4504/5/photoObj-004504-5-0100.fits 251669 251668
6 6 6
4576/2/photoObj-004576-2-0460.fits 262813 262812
0 0 0
4576/2/photoObj-004576-2-0570.fits 262925 262924
0 0 0
4576/4/photoObj-004576-4-0052.fits 263816 263815
0 0 0
4576/4/photoObj-004576-4-0475.fits 264203 264202
0 0 0
4576/6/photoObj-004576-6-0417.fits 265343 265342
2 2 2
4588/4/photoObj-004588-4-0082.fits 266087 266086
4 4 4
4623/5/photoObj-004623-5-0217.fits 269610 269609
0 0 0
4632/2/photoObj-004632-2-0213.fits 271674 271673
11 11 11
4649/5/photoObj-004649-5-0209.fits 276520 276519
0 0 0
4670/3/photoObj-004670-3-0312.fits 277872 277871
5 5 5
4670/5/photoObj-004670-5-0217.fits 278427 278426
0 0 0
4670/5/photoObj-004670-5-0329.fits 278540 278539
13 13 13
4679/4/photoObj-004679-4-0263.fits 283894 283893
0 0 0
4679/6/photoObj-004679-6-0193.fits 284316 284315
0 0 0
4682/4/photoObj-004682-4-0248.fits 285380 285379
0 0 0
4829/4/photoObj-004829-4-0116.fits 292915 292914
0 0 0
4851/4/photoObj-004851-4-0072.fits 301079 301078
8 8 8
4880/6/photoObj-004880-6-0082.fits 304353 304352
10 10 10
5065/1/photoObj-005065-1-0072.fits 315402 315401
0 0 0
5065/6/photoObj-005065-6-0124.fits 316549 316548
2 2 2
5069/5/photoObj-005069-5-0067.fits 317859 317858
0 0 0
5112/1/photoObj-005112-1-0091.fits 324936 324935
0 0 0
5115/6/photoObj-005115-6-0053.fits 327958 327957
6 6 6
5194/3/photoObj-005194-3-0742.fits 339356 339355
4 4 4
5194/4/photoObj-005194-4-0854.fits 340325 340324
0 0 0
5225/5/photoObj-005225-5-0046.fits 344558 344557
5 5 5
5317/3/photoObj-005317-3-0169.fits 351052 351051
0 0 0
5322/4/photoObj-005322-4-0165.fits 352626 352625
7 7 7
5326/3/photoObj-005326-3-0310.fits 354525 354524
9 9 9
5330/2/photoObj-005330-2-0123.fits 356041 356040
11 11 11
5330/4/photoObj-005330-4-0057.fits 356186 356185
9 9 9
5360/2/photoObj-005360-2-0098.fits 356625 356624
0 0 0
5640/4/photoObj-005640-4-0076.fits 374970 374969
13 13 13
5714/3/photoObj-005714-3-0037.fits 378913 378912
0 0 0
5935/4/photoObj-005935-4-0213.fits 385883 385882
6 6 6
5972/3/photoObj-005972-3-0143.fits 389341 389340
8 8 8
5973/1/photoObj-005973-1-0086.fits 390251 390250
0 0 0
5976/3/photoObj-005976-3-0234.fits 391700 391699
10 10 10
5976/5/photoObj-005976-5-0140.fits 392053 392052
0 0 0
5982/2/photoObj-005982-2-0134.fits 392623 392622
8 8 8
6104/5/photoObj-006104-5-0053.fits 399645 399644
3 3 3
6118/2/photoObj-006118-2-0123.fits 400030 400029
0 0 0
6169/4/photoObj-006169-4-0037.fits 408085 408084
6 6 6
6174/2/photoObj-006174-2-0165.fits 408686 408685
2 2 2
6354/2/photoObj-006354-2-0308.fits 414426 414425
4 4 4
6361/1/photoObj-006361-1-0066.fits 415618 415617
2 2 2
6371/3/photoObj-006371-3-0062.fits 417010 417009
5 5 5
6372/2/photoObj-006372-2-0090.fits 417262 417261
1 1 1
6372/3/photoObj-006372-3-0088.fits 417297 417296
0 0 0
6572/3/photoObj-006572-3-0141.fits 424801 424800
6 6 6
6574/2/photoObj-006574-2-0149.fits 427125 427124
4 4 4
6708/2/photoObj-006708-2-0023.fits 432164 432163
6 6 6
6709/2/photoObj-006709-2-0043.fits 433376 433375
32 32 32
6709/3/photoObj-006709-3-0070.fits 433504 433503
7 7 7
6709/6/photoObj-006709-6-0068.fits 433708 433707
0 0 0
6793/3/photoObj-006793-3-0056.fits 437685 437684
8 8 8
6793/4/photoObj-006793-4-0104.fits 437865 437864
3 3 3
752/3/photoObj-000752-3-0631.fits 446907 446906
6 6 6
752/4/photoObj-000752-4-0716.fits 447454 447453
24 24 24
756/2/photoObj-000756-2-0507.fits 449527 449526
8 8 8
756/3/photoObj-000756-3-0377.fits 450176 450175
9 9 9
756/3/photoObj-000756-3-0527.fits 450316 450315
5 5 5
756/6/photoObj-000756-6-0476.fits 452463 452462
11 11 11
7708/2/photoObj-007708-2-0262.fits 455507 455506
4 4 4
7712/4/photoObj-007712-4-0269.fits 458225 458224
7 7 7
7713/1/photoObj-007713-1-0154.fits 459391 459390
0 0 0
7713/6/photoObj-007713-6-0382.fits 461622 461621
7 7 7
7717/3/photoObj-007717-3-0184.fits 463079 463078
3 3 3
7717/4/photoObj-007717-4-0386.fits 463890 463889
19 19 19
7717/5/photoObj-007717-5-0347.fits 464473 464472
0 0 0
7717/6/photoObj-007717-6-0538.fits 465273 465272
9 9 9
7718/1/photoObj-007718-1-0102.fits 465465 465464
0 0 0
7718/6/photoObj-007718-6-0110.fits 466834 466833
8 8 8
7727/1/photoObj-007727-1-0163.fits 467043 467042
1 1 1
7727/1/photoObj-007727-1-0173.fits 467055 467054
2 2 2
7727/3/photoObj-007727-3-0098.fits 467560 467559
5 5 5
7727/5/photoObj-007727-5-0255.fits 468409 468408
11 11 11
7741/6/photoObj-007741-6-0078.fits 468942 468941
11 11 11
7767/6/photoObj-007767-6-0018.fits 473890 473889
9 9 9
7773/2/photoObj-007773-2-0328.fits 476047 476046
5 5 5
7773/5/photoObj-007773-5-0314.fits 477524 477523
5 5 5
7773/6/photoObj-007773-6-0321.fits 477857 477856
6 6 6
7778/4/photoObj-007778-4-0519.fits 480987 480986
0 0 0
7778/5/photoObj-007778-5-0096.fits 481089 481088
0 0 0
7780/6/photoObj-007780-6-0083.fits 482717 482716
9 9 9
7784/1/photoObj-007784-1-0330.fits 484316 484315
0 0 0
7784/2/photoObj-007784-2-0369.fits 484700 484699
3 3 3
7784/4/photoObj-007784-4-0077.fits 485165 485164
3 3 3
7784/6/photoObj-007784-6-0039.fits 485860 485859
11 11 11
7784/6/photoObj-007784-6-0105.fits 485925 485924
10 10 10
7787/2/photoObj-007787-2-0334.fits 486788 486787
0 0 0
7807/1/photoObj-007807-1-0066.fits 488441 488440
2 2 2
7807/4/photoObj-007807-4-0022.fits 488669 488668
7 7 7
7808/4/photoObj-007808-4-0056.fits 489180 489179
0 0 0
7845/6/photoObj-007845-6-0094.fits 491889 491888
0 0 0
7865/1/photoObj-007865-1-0110.fits 492048 492047
8 8 8
7881/3/photoObj-007881-3-0117.fits 494575 494574
0 0 0
7881/4/photoObj-007881-4-0299.fits 495064 495063
8 8 8
7885/2/photoObj-007885-2-0183.fits 496022 496021
0 0 0
7908/2/photoObj-007908-2-0059.fits 497589 497588
9 9 9
7908/5/photoObj-007908-5-0140.fits 498130 498129
0 0 0
7917/1/photoObj-007917-1-0109.fits 500132 500131
0 0 0
7932/2/photoObj-007932-2-0166.fits 503619 503618
0 0 0
7941/5/photoObj-007941-5-0102.fits 504997 504996
0 0 0
8038/5/photoObj-008038-5-0085.fits 506495 506494
3 3 3
8038/6/photoObj-008038-6-0147.fits 506726 506725
6 6 6
8054/2/photoObj-008054-2-0181.fits 507424 507423
0 0 0
8054/3/photoObj-008054-3-0125.fits 507521 507520
0 0 0
8055/1/photoObj-008055-1-0125.fits 508066 508065
8 8 8
8055/3/photoObj-008055-3-0120.fits 508253 508252
0 0 0
8056/5/photoObj-008056-5-0082.fits 509187 509186
0 0 0
8095/6/photoObj-008095-6-0164.fits 515325 515324
1 1 1
8100/6/photoObj-008100-6-0276.fits 518975 518974
5 5 5
8102/2/photoObj-008102-2-0076.fits 519757 519756
0 0 0
8112/6/photoObj-008112-6-0118.fits 526648 526647
7 7 7
8116/6/photoObj-008116-6-0046.fits 529460 529459
4 4 4
8149/3/photoObj-008149-3-0151.fits 530545 530544
0 0 0
8151/1/photoObj-008151-1-0088.fits 531826 531825
0 0 0
(8832, 1)
1024/6/photoObj-001024-6-0118.fits 1252 1251
3 3 3
1037/5/photoObj-001037-5-0094.fits 3075 3074
0 0 0
1037/5/photoObj-001037-5-0190.fits 3163 3162
6 6 6
1037/6/photoObj-001037-6-0144.fits 3289 3288
3 3 3
109/6/photoObj-000109-6-0116.fits 4873 4872
0 0 0
1140/1/photoObj-001140-1-0155.fits 5187 5186
6 6 6
1140/1/photoObj-001140-1-0197.fits 5229 5228
5 5 5
1140/2/photoObj-001140-2-0236.fits 5533 5532
5 5 5
1140/3/photoObj-001140-3-0208.fits 5803 5802
3 3 3
1140/5/photoObj-001140-5-0100.fits 6209 6208
13 13 13
1140/5/photoObj-001140-5-0234.fits 6326 6325
4 4 4
1231/3/photoObj-001231-3-0161.fits 7046 7045
14 14 14
1231/5/photoObj-001231-5-0199.fits 7393 7392
0 0 0
1239/2/photoObj-001239-2-0051.fits 7887 7886
13 13 13
1241/2/photoObj-001241-2-0026.fits 8894 8893
0 0 0
1241/2/photoObj-001241-2-0089.fits 8958 8957
0 0 0
1241/3/photoObj-001241-3-0128.fits 9170 9169
0 0 0
1302/1/photoObj-001302-1-0193.fits 9718 9717
2 2 2
1331/2/photoObj-001331-2-0129.fits 11183 11182
7 7 7
1331/3/photoObj-001331-3-0239.fits 11528 11527
3 3 3
1345/3/photoObj-001345-3-0779.fits 15103 15102
6 6 6
1345/5/photoObj-001345-5-0687.fits 16398 16397
3 3 3
1350/5/photoObj-001350-5-0114.fits 18765 18764
4 4 4
1359/3/photoObj-001359-3-0063.fits 19863 19862
14 14 14
1359/3/photoObj-001359-3-0114.fits 19915 19914
9 9 9
1359/4/photoObj-001359-4-0059.fits 19949 19948
4 4 4
1453/6/photoObj-001453-6-0086.fits 24658 24657
10 10 10
1458/1/photoObj-001458-1-0511.fits 24875 24874
9 9 9
1458/2/photoObj-001458-2-0693.fits 25477 25476
0 0 0
1458/3/photoObj-001458-3-0736.fits 25963 25962
0 0 0
1458/4/photoObj-001458-4-0552.fits 26198 26197
0 0 0
1458/5/photoObj-001458-5-0455.fits 26512 26511
4 4 4
1458/5/photoObj-001458-5-0498.fits 26554 26553
6 6 6
1458/5/photoObj-001458-5-0725.fits 26766 26765
0 0 0
1462/1/photoObj-001462-1-0126.fits 27161 27160
5 5 5
1462/3/photoObj-001462-3-0091.fits 28209 28208
0 0 0
1462/3/photoObj-001462-3-0097.fits 28213 28212
5 5 5
1462/3/photoObj-001462-3-0635.fits 28710 28709
0 0 0
1462/4/photoObj-001462-4-0313.fits 28970 28969
6 6 6
1462/5/photoObj-001462-5-0158.fits 29404 29403
7 7 7
1473/3/photoObj-001473-3-0058.fits 30770 30769
4 4 4
1478/5/photoObj-001478-5-0071.fits 31758 31757
0 0 0
1659/3/photoObj-001659-3-0038.fits 32458 32457
19 19 19
1659/3/photoObj-001659-3-0141.fits 32563 32562
0 0 0
1659/4/photoObj-001659-4-0017.fits 32697 32696
16 16 16
1659/4/photoObj-001659-4-0163.fits 32863 32862
10 10 10
1659/5/photoObj-001659-5-0148.fits 33082 33081
12 12 12
1729/1/photoObj-001729-1-0041.fits 34282 34281
0 0 0
1729/2/photoObj-001729-2-0323.fits 34950 34949
6 6 6
1729/3/photoObj-001729-3-0098.fits 35174 35173
2 2 2
1729/5/photoObj-001729-5-0343.fits 36323 36322
0 0 0
1739/1/photoObj-001739-1-0140.fits 38275 38274
3 3 3
1889/4/photoObj-001889-4-0098.fits 42782 42781
28 28 28
1897/6/photoObj-001897-6-0018.fits 44668 44667
0 0 0
1904/3/photoObj-001904-3-0202.fits 45102 45101
5 5 5
2074/5/photoObj-002074-5-0146.fits 49107 49106
0 0 0
2125/2/photoObj-002125-2-0167.fits 52116 52115
6 6 6
2125/3/photoObj-002125-3-0322.fits 52584 52583
0 0 0
2125/4/photoObj-002125-4-0243.fits 52806 52805
4 4 4
2125/4/photoObj-002125-4-0261.fits 52824 52823
8 8 8
2125/5/photoObj-002125-5-0209.fits 53046 53045
0 0 0
2125/5/photoObj-002125-5-0276.fits 53112 53111
6 6 6
2125/6/photoObj-002125-6-0303.fits 53408 53407
4 4 4
2125/6/photoObj-002125-6-0327.fits 53428 53427
0 0 0
2126/2/photoObj-002126-2-0166.fits 53993 53992
4 4 4
2126/2/photoObj-002126-2-0173.fits 54000 53999
6 6 6
2131/5/photoObj-002131-5-0261.fits 56510 56509
0 0 0
2188/3/photoObj-002188-3-0200.fits 59762 59761
0 0 0
2190/3/photoObj-002190-3-0370.fits 61392 61391
0 0 0
2194/1/photoObj-002194-1-0103.fits 62309 62308
4 4 4
2247/1/photoObj-002247-1-0060.fits 67278 67277
0 0 0
2248/3/photoObj-002248-3-0139.fits 69036 69035
0 0 0
2248/3/photoObj-002248-3-0210.fits 69095 69094
10 10 10
2305/4/photoObj-002305-4-0057.fits 73071 73070
7 7 7
2334/1/photoObj-002334-1-0133.fits 77211 77210
4 4 4
2334/6/photoObj-002334-6-0282.fits 78487 78486
8 8 8
2346/4/photoObj-002346-4-0117.fits 79698 79697
20 20 20
2379/3/photoObj-002379-3-0097.fits 80771 80770
0 0 0
2379/5/photoObj-002379-5-0102.fits 81108 81107
17 17 17
2391/4/photoObj-002391-4-0128.fits 82149 82148
0 0 0
2391/4/photoObj-002391-4-0129.fits 82158 82157
0 0 0
2392/1/photoObj-002392-1-0205.fits 82796 82795
4 4 4
2392/4/photoObj-002392-4-0234.fits 83474 83473
6 6 6
2507/6/photoObj-002507-6-0182.fits 85796 85795
11 11 11
2570/2/photoObj-002570-2-0084.fits 87742 87741
0 0 0
2583/1/photoObj-002583-1-0160.fits 90916 90915
26 26 26
2711/6/photoObj-002711-6-0135.fits 94498 94497
8 8 8
2822/1/photoObj-002822-1-0034.fits 99921 99920
8 8 8
2822/4/photoObj-002822-4-0040.fits 100374 100373
4 4 4
2830/2/photoObj-002830-2-0161.fits 103946 103945
14 14 14
2830/4/photoObj-002830-4-0353.fits 105020 105019
0 0 0
2830/6/photoObj-002830-6-0119.fits 105670 105669
8 8 8
2830/6/photoObj-002830-6-0409.fits 105957 105956
3 3 3
2887/4/photoObj-002887-4-0252.fits 110737 110736
3 3 3
2888/1/photoObj-002888-1-0063.fits 111096 111095
7 7 7
2888/2/photoObj-002888-2-0030.fits 111155 111154
5 5 5
2961/3/photoObj-002961-3-0038.fits 112433 112432
14 14 14
2964/2/photoObj-002964-2-0551.fits 114102 114101
3 3 3
2964/3/photoObj-002964-3-0149.fits 114215 114214
2 2 2
2964/4/photoObj-002964-4-0560.fits 115144 115143
3 3 3
2986/4/photoObj-002986-4-0246.fits 117519 117518
0 0 0
2986/5/photoObj-002986-5-0108.fits 117673 117672
0 0 0
2986/6/photoObj-002986-6-0108.fits 117977 117976
0 0 0
2987/3/photoObj-002987-3-0098.fits 118475 118474
8 8 8
3015/3/photoObj-003015-3-0228.fits 120192 120191
9 9 9
3015/3/photoObj-003015-3-0309.fits 120276 120275
7 7 7
3015/6/photoObj-003015-6-0227.fits 121323 121322
10 10 10
3031/2/photoObj-003031-2-0260.fits 121953 121952
0 0 0
3031/5/photoObj-003031-5-0051.fits 123147 123146
0 0 0
3031/5/photoObj-003031-5-0096.fits 123190 123189
10 10 10
3059/1/photoObj-003059-1-0101.fits 124578 124577
0 0 0
3059/5/photoObj-003059-5-0067.fits 125146 125145
0 0 0
3185/5/photoObj-003185-5-0060.fits 132328 132327
8 8 8
3185/5/photoObj-003185-5-0154.fits 132404 132403
21 21 21
3187/4/photoObj-003187-4-0169.fits 133208 133207
2 2 2
3187/4/photoObj-003187-4-0200.fits 133239 133238
0 0 0
3226/4/photoObj-003226-4-0145.fits 136384 136383
16 16 16
3518/4/photoObj-003518-4-0115.fits 143498 143497
0 0 0
3538/3/photoObj-003538-3-0108.fits 146619 146618
5 5 5
3538/4/photoObj-003538-4-0262.fits 147024 147023
0 0 0
3560/5/photoObj-003560-5-0152.fits 149167 149166
0 0 0
3560/6/photoObj-003560-6-0127.fits 149445 149444
5 5 5
3630/4/photoObj-003630-4-0239.fits 153866 153865
2 2 2
3630/5/photoObj-003630-5-0147.fits 154015 154014
20 20 20
3631/3/photoObj-003631-3-0043.fits 155230 155229
15 15 15
3631/4/photoObj-003631-4-0149.fits 155785 155784
0 0 0
3631/6/photoObj-003631-6-0337.fits 156636 156635
0 0 0
3635/5/photoObj-003635-5-0114.fits 158196 158195
20 20 20
3644/5/photoObj-003644-5-0036.fits 159778 159777
12 12 12
3644/5/photoObj-003644-5-0159.fits 159892 159891
8 8 8
3699/2/photoObj-003699-2-0120.fits 163788 163787
2 2 2
3704/1/photoObj-003704-1-0156.fits 164817 164816
10 10 10
3704/2/photoObj-003704-2-0158.fits 165001 165000
6 6 6
3704/4/photoObj-003704-4-0156.fits 165356 165355
0 0 0
3705/2/photoObj-003705-2-0230.fits 166377 166376
2 2 2
3705/2/photoObj-003705-2-0285.fits 166431 166430
9 9 9
3716/1/photoObj-003716-1-0098.fits 169490 169489
9 9 9
3716/2/photoObj-003716-2-0165.fits 169793 169792
5 5 5
3723/4/photoObj-003723-4-0154.fits 171544 171543
7 7 7
3723/5/photoObj-003723-5-0054.fits 171670 171669
14 14 14
3804/1/photoObj-003804-1-0033.fits 172090 172089
2 2 2
3813/2/photoObj-003813-2-0356.fits 174536 174535
0 0 0
3813/4/photoObj-003813-4-0204.fits 175376 175375
0 0 0
3813/5/photoObj-003813-5-0489.fits 176120 176119
26 26 26
3818/2/photoObj-003818-2-0381.fits 177274 177273
3 3 3
3818/4/photoObj-003818-4-0225.fits 177955 177954
0 0 0
3830/4/photoObj-003830-4-0158.fits 179107 179106
5 5 5
3836/2/photoObj-003836-2-0629.fits 180022 180021
0 0 0
3836/3/photoObj-003836-3-0597.fits 180550 180549
0 0 0
3836/3/photoObj-003836-3-0623.fits 180576 180575
11 11 11
3838/3/photoObj-003838-3-0074.fits 182600 182599
5 5 5
3841/2/photoObj-003841-2-0135.fits 184691 184690
9 9 9
3841/3/photoObj-003841-3-0071.fits 184915 184914
9 9 9
3893/1/photoObj-003893-1-0188.fits 186684 186683
2 2 2
3893/4/photoObj-003893-4-0366.fits 187906 187905
0 0 0
3893/5/photoObj-003893-5-0366.fits 188273 188272
0 0 0
3894/1/photoObj-003894-1-0121.fits 188711 188710
0 0 0
3894/1/photoObj-003894-1-0258.fits 188857 188856
8 8 8
3894/5/photoObj-003894-5-0139.fits 189937 189936
7 7 7
3900/2/photoObj-003900-2-0292.fits 191287 191286
3 3 3
3900/3/photoObj-003900-3-0578.fits 192358 192357
0 0 0
3900/4/photoObj-003900-4-0493.fits 193076 193075
3 3 3
3900/4/photoObj-003900-4-0517.fits 193103 193102
0 0 0
3900/5/photoObj-003900-5-0315.fits 193662 193661
3 3 3
3900/5/photoObj-003900-5-0329.fits 193677 193676
6 6 6
3910/2/photoObj-003910-2-0198.fits 199492 199491
12 12 12
3910/5/photoObj-003910-5-0017.fits 199955 199954
10 10 10
3918/1/photoObj-003918-1-0241.fits 200583 200582
0 0 0
3918/1/photoObj-003918-1-0289.fits 200632 200631
0 0 0
3918/1/photoObj-003918-1-0302.fits 200645 200644
22 22 22
3919/2/photoObj-003919-2-0175.fits 203188 203187
0 0 0
3919/6/photoObj-003919-6-0218.fits 204471 204470
14 14 14
3926/6/photoObj-003926-6-0084.fits 205601 205600
7 7 7
3958/3/photoObj-003958-3-0081.fits 206515 206514
14 14 14
3965/5/photoObj-003965-5-0153.fits 209053 209052
9 9 9
3970/6/photoObj-003970-6-0025.fits 209559 209558
6 6 6
3971/2/photoObj-003971-2-0167.fits 209981 209980
6 6 6
3992/4/photoObj-003992-4-0102.fits 211238 211237
0 0 0
3996/5/photoObj-003996-5-0281.fits 212575 212574
0 0 0
4002/5/photoObj-004002-5-0084.fits 214643 214642
10 10 10
4208/6/photoObj-004208-6-0025.fits 233544 233543
5 5 5
4233/4/photoObj-004233-4-0014.fits 233669 233668
0 0 0
4264/3/photoObj-004264-3-0059.fits 236303 236302
10 10 10
4344/6/photoObj-004344-6-0288.fits 243152 243151
9 9 9
4381/5/photoObj-004381-5-0168.fits 244803 244802
12 12 12
4392/2/photoObj-004392-2-0224.fits 246253 246252
2 2 2
4392/6/photoObj-004392-6-0162.fits 247016 247015
0 0 0
4470/4/photoObj-004470-4-0162.fits 250136 250135
8 8 8
4504/2/photoObj-004504-2-0217.fits 251141 251140
0 0 0
4508/1/photoObj-004508-1-0047.fits 252060 252059
8 8 8
4516/5/photoObj-004516-5-0013.fits 255550 255549
6 6 6
4552/2/photoObj-004552-2-0112.fits 258232 258231
13 13 13
4552/3/photoObj-004552-3-0127.fits 258463 258462
12 12 12
4552/6/photoObj-004552-6-0069.fits 259083 259082
12 12 12
4552/6/photoObj-004552-6-0135.fits 259150 259149
4 4 4
4576/1/photoObj-004576-1-0408.fits 262218 262217
0 0 0
4576/2/photoObj-004576-2-0569.fits 262923 262922
10 10 10
4588/4/photoObj-004588-4-0081.fits 266086 266085
0 0 0
4599/5/photoObj-004599-5-0122.fits 267215 267214
8 8 8
4599/5/photoObj-004599-5-0148.fits 267238 267237
21 21 21
4600/2/photoObj-004600-2-0040.fits 267593 267592
2 2 2
4623/2/photoObj-004623-2-0115.fits 268512 268511
6 6 6
4623/5/photoObj-004623-5-0207.fits 269597 269596
16 16 16
4646/1/photoObj-004646-1-0243.fits 273191 273190
14 14 14
4646/4/photoObj-004646-4-0145.fits 274145 274144
5 5 5
4649/2/photoObj-004649-2-0419.fits 275392 275391
14 14 14
4649/4/photoObj-004649-4-0206.fits 276070 276069
3 3 3
4670/3/photoObj-004670-3-0311.fits 277870 277869
0 0 0
4671/3/photoObj-004671-3-0033.fits 279184 279183
6 6 6
4679/4/photoObj-004679-4-0262.fits 283893 283892
20 20 20
4679/6/photoObj-004679-6-0192.fits 284315 284314
0 0 0
4682/4/photoObj-004682-4-0247.fits 285378 285377
11 11 11
4800/1/photoObj-004800-1-0070.fits 285992 285991
4 4 4
4800/4/photoObj-004800-4-0097.fits 286301 286300
13 13 13
4829/5/photoObj-004829-5-0108.fits 293219 293218
5 5 5
4829/5/photoObj-004829-5-0112.fits 293220 293219
6 6 6
4836/6/photoObj-004836-6-0242.fits 297331 297330
0 0 0
4843/2/photoObj-004843-2-0092.fits 297832 297831
0 0 0
4843/3/photoObj-004843-3-0086.fits 298133 298132
6 6 6
4851/4/photoObj-004851-4-0071.fits 301073 301072
10 10 10
5065/1/photoObj-005065-1-0071.fits 315401 315400
0 0 0
5065/3/photoObj-005065-3-0038.fits 315808 315807
9 9 9
5065/3/photoObj-005065-3-0151.fits 315920 315919
7 7 7
5065/6/photoObj-005065-6-0125.fits 316545 316544
4 4 4
5069/5/photoObj-005069-5-0066.fits 317856 317855
4 4 4
5080/1/photoObj-005080-1-0066.fits 321771 321770
9 9 9
5087/3/photoObj-005087-3-0294.fits 323910 323909
4 4 4
5115/6/photoObj-005115-6-0052.fits 327956 327955
0 0 0
5183/3/photoObj-005183-3-0627.fits 335432 335431
0 0 0
5194/2/photoObj-005194-2-0747.fits 338479 338478
4 4 4
5194/4/photoObj-005194-4-0800.fits 340272 340271
0 0 0
5194/4/photoObj-005194-4-0853.fits 340324 340323
0 0 0
5225/5/photoObj-005225-5-0047.fits 344557 344556
3 3 3
5308/5/photoObj-005308-5-0364.fits 347209 347208
6 6 6
5317/3/photoObj-005317-3-0170.fits 351049 351048
16 16 16
5322/2/photoObj-005322-2-0121.fits 352093 352092
11 11 11
5322/4/photoObj-005322-4-0166.fits 352625 352624
0 0 0
5326/5/photoObj-005326-5-0153.fits 354972 354971
7 7 7
5360/2/photoObj-005360-2-0097.fits 356624 356623
3 3 3
5414/5/photoObj-005414-5-0052.fits 370659 370658
12 12 12
5636/4/photoObj-005636-4-0141.fits 373951 373950
3 3 3
5636/5/photoObj-005636-5-0152.fits 374080 374079
4 4 4
5640/4/photoObj-005640-4-0075.fits 374969 374968
9 9 9
5640/5/photoObj-005640-5-0124.fits 375226 375225
0 0 0
5640/5/photoObj-005640-5-0230.fits 375328 375327
4 4 4
5656/1/photoObj-005656-1-0137.fits 377517 377516
7 7 7
5935/4/photoObj-005935-4-0212.fits 385877 385876
3 3 3
5972/3/photoObj-005972-3-0144.fits 389340 389339
0 0 0
5972/6/photoObj-005972-6-0237.fits 390145 390144
6 6 6
5973/1/photoObj-005973-1-0087.fits 390250 390249
0 0 0
5973/2/photoObj-005973-2-0025.fits 390338 390337
12 12 12
5976/3/photoObj-005976-3-0233.fits 391697 391696
0 0 0
5976/4/photoObj-005976-4-0187.fits 391871 391870
10 10 10
5976/5/photoObj-005976-5-0139.fits 392052 392051
6 6 6
6005/3/photoObj-006005-3-0128.fits 397061 397060
27 27 27
6118/2/photoObj-006118-2-0124.fits 400029 400028
6 6 6
6121/3/photoObj-006121-3-0159.fits 401031 401030
2 2 2
6123/2/photoObj-006123-2-0042.fits 402593 402592
7 7 7
6161/4/photoObj-006161-4-0097.fits 403446 403445
7 7 7
6166/3/photoObj-006166-3-0171.fits 406916 406915
0 0 0
6169/4/photoObj-006169-4-0036.fits 408084 408083
10 10 10
6354/2/photoObj-006354-2-0307.fits 414419 414418
6 6 6
6354/6/photoObj-006354-6-0190.fits 415434 415433
4 4 4
6361/2/photoObj-006361-2-0023.fits 415731 415730
6 6 6
6371/3/photoObj-006371-3-0063.fits 417009 417008
0 0 0
6372/3/photoObj-006372-3-0089.fits 417296 417295
4 4 4
6572/4/photoObj-006572-4-0190.fits 425060 425059
12 12 12
6572/4/photoObj-006572-4-0203.fits 425074 425073
1 1 1
6574/2/photoObj-006574-2-0152.fits 427126 427125
12 12 12
6708/2/photoObj-006708-2-0022.fits 432159 432158
2 2 2
6709/2/photoObj-006709-2-0042.fits 433375 433374
0 0 0
6749/4/photoObj-006749-4-0097.fits 435655 435654
13 13 13
6793/3/photoObj-006793-3-0055.fits 437683 437682
0 0 0
6793/3/photoObj-006793-3-0078.fits 437703 437702
0 0 0
6793/6/photoObj-006793-6-0039.fits 438066 438065
8 8 8
752/1/photoObj-000752-1-0270.fits 445703 445702
10 10 10
756/3/photoObj-000756-3-0528.fits 450315 450314
8 8 8
756/4/photoObj-000756-4-0300.fits 450868 450867
8 8 8
756/6/photoObj-000756-6-0475.fits 452460 452459
0 0 0
7674/4/photoObj-007674-4-0090.fits 452840 452839
0 0 0
7675/6/photoObj-007675-6-0077.fits 453467 453466
0 0 0
7708/2/photoObj-007708-2-0261.fits 455502 455501
2 2 2
7712/3/photoObj-007712-3-0278.fits 457826 457825
11 11 11
7712/4/photoObj-007712-4-0268.fits 458223 458222
8 8 8
7712/6/photoObj-007712-6-0247.fits 459050 459049
3 3 3
7713/1/photoObj-007713-1-0153.fits 459390 459389
4 4 4
7713/1/photoObj-007713-1-0273.fits 459509 459508
7 7 7
7713/4/photoObj-007713-4-0138.fits 460587 460586
6 6 6
7713/6/photoObj-007713-6-0383.fits 461619 461618
0 0 0
7717/3/photoObj-007717-3-0183.fits 463071 463070
2 2 2
7717/5/photoObj-007717-5-0346.fits 464471 464470
10 10 10
7717/6/photoObj-007717-6-0431.fits 465172 465171
11 11 11
7717/6/photoObj-007717-6-0453.fits 465193 465192
4 4 4
7717/6/photoObj-007717-6-0456.fits 465198 465197
5 5 5
7718/1/photoObj-007718-1-0086.fits 465450 465449
0 0 0
7718/1/photoObj-007718-1-0095.fits 465458 465457
0 0 0
7718/1/photoObj-007718-1-0101.fits 465463 465462
0 0 0
7718/2/photoObj-007718-2-0021.fits 465616 465615
0 0 0
7727/3/photoObj-007727-3-0301.fits 467761 467760
6 6 6
7727/5/photoObj-007727-5-0254.fits 468407 468406
0 0 0
7727/5/photoObj-007727-5-0293.fits 468448 468447
7 7 7
7754/4/photoObj-007754-4-0188.fits 469955 469954
0 0 0
7757/5/photoObj-007757-5-0160.fits 471230 471229
3 3 3
7767/6/photoObj-007767-6-0019.fits 473889 473888
5 5 5
7773/1/photoObj-007773-1-0443.fits 475673 475672
2 2 2
7773/2/photoObj-007773-2-0327.fits 476042 476041
4 4 4
7773/4/photoObj-007773-4-0308.fits 477034 477033
4 4 4
7773/5/photoObj-007773-5-0315.fits 477521 477520
0 0 0
7773/6/photoObj-007773-6-0320.fits 477856 477855
2 2 2
7778/3/photoObj-007778-3-0375.fits 480311 480310
5 5 5
7778/4/photoObj-007778-4-0183.fits 480659 480658
9 9 9
7778/4/photoObj-007778-4-0520.fits 480983 480982
8 8 8
7778/5/photoObj-007778-5-0498.fits 481454 481453
0 0 0
7781/1/photoObj-007781-1-0131.fits 482902 482901
8 8 8
7784/1/photoObj-007784-1-0329.fits 484314 484313
4 4 4
7784/2/photoObj-007784-2-0368.fits 484693 484692
3 3 3
7784/4/photoObj-007784-4-0078.fits 485161 485160
0 0 0
7784/5/photoObj-007784-5-0046.fits 485503 485502
0 0 0
7784/6/photoObj-007784-6-0040.fits 485859 485858
0 0 0
7784/6/photoObj-007784-6-0104.fits 485924 485923
0 0 0
7784/6/photoObj-007784-6-0253.fits 486053 486052
3 3 3
7824/2/photoObj-007824-2-0235.fits 490267 490266
0 0 0
7824/3/photoObj-007824-3-0411.fits 490626 490625
4 4 4
7845/3/photoObj-007845-3-0020.fits 491462 491461
4 4 4
7845/6/photoObj-007845-6-0093.fits 491888 491887
5 5 5
7865/1/photoObj-007865-1-0109.fits 492047 492046
0 0 0
7865/2/photoObj-007865-2-0116.fits 492270 492269
11 11 11
7885/2/photoObj-007885-2-0084.fits 495919 495918
0 0 0
7885/2/photoObj-007885-2-0182.fits 496021 496020
5 5 5
7908/5/photoObj-007908-5-0139.fits 498129 498128
6 6 6
7917/1/photoObj-007917-1-0108.fits 500129 500128
4 4 4
7917/1/photoObj-007917-1-0259.fits 500263 500262
0 0 0
7917/5/photoObj-007917-5-0230.fits 501267 501266
15 15 15
7932/2/photoObj-007932-2-0199.fits 503652 503651
5 5 5
7932/5/photoObj-007932-5-0038.fits 504023 504022
2 2 2
7941/5/photoObj-007941-5-0101.fits 504995 504994
0 0 0
8038/6/photoObj-008038-6-0146.fits 506721 506720
6 6 6
8054/2/photoObj-008054-2-0147.fits 507392 507391
1 1 1
8054/3/photoObj-008054-3-0124.fits 507517 507516
0 0 0
8066/1/photoObj-008066-1-0099.fits 510834 510833
5 5 5
8083/2/photoObj-008083-2-0143.fits 512304 512303
7 7 7
8095/6/photoObj-008095-6-0163.fits 515324 515323
10 10 10
8095/6/photoObj-008095-6-0257.fits 515417 515416
6 6 6
8100/1/photoObj-008100-1-0277.fits 517606 517605
4 4 4
8102/2/photoObj-008102-2-0075.fits 519756 519755
12 12 12
8108/2/photoObj-008108-2-0249.fits 522153 522152
2 2 2
8109/5/photoObj-008109-5-0067.fits 523674 523673
9 9 9
8111/1/photoObj-008111-1-0136.fits 525143 525142
4 4 4
8115/1/photoObj-008115-1-0064.fits 526694 526693
10 10 10
8115/4/photoObj-008115-4-0146.fits 527287 527286
15 15 15
8116/2/photoObj-008116-2-0274.fits 528256 528255
10 10 10
8116/2/photoObj-008116-2-0357.fits 528323 528322
3 3 3
8149/3/photoObj-008149-3-0186.fits 530602 530601
12 12 12
(8832, 0)
('ix_input', 'ra_input', 'dec_input', '__workcid___input', 'sep_input', 'OBJID', 'MODE', 'CLEAN', 'RA', 'DEC', 'RAERR', 'DECERR', 'PSFFLUX', 'PSFFLUX_IVAR', 'PSFMAG', 'PSFMAGERR', 'CMODELFLUX', 'CMODELFLUX_IVAR', 'MODELMAG', 'MODELMAGERR')
./new_HZQ/buf/__buf__/part-00000.sdss_fluxes.fits saved
[1.35898590e-05 2.07439944e+02] 207.43995761871338 207.44002676010132 Execution time
