Namespace(NSIDE=2048, asfx=['_input'], c=[], cat=['ps2oldfluxradecbest'], full=True, i='./new_HZQ/buf/__buf__/cross-match_base_catalog_coords.fits', iDEC='dec', iRA='ra', iSEPNAME='sep:sep1', index='ix', merge=False, mpi=False, o='./new_HZQ/buf/__buf__/part-00000.ps_fluxes.fits', r='1.0')
0167p045_ps1_phot.fits.gz 671 670
16 16 16
0256p196_ps1_phot.fits.gz 1002 1001
26 26 26
0347p302_ps1_phot.fits.gz 1349 1348
7 7 7
0559m031_ps1_phot.fits.gz 2011 2010
0 0 0
1248p439_ps1_phot.fits.gz 3353 3352
0 0 0
1862p151_ps1_phot.fits.gz 5617 5616
0 0 0
2163p272_ps1_phot.fits.gz 6751 6750
15 15 15
3369p106_ps1_phot.fits.gz 9906 9905
0 0 0
(8832, 2)
0030m107_ps1_phot.fits.gz 145 144
2 2 2
0166p030_ps1_phot.fits.gz 663 662
0 0 0
0170m137_ps1_phot.fits.gz 685 684
22 22 22
0196p030_ps1_phot.fits.gz 778 777
4 4 4
0211p227_ps1_phot.fits.gz 837 836
9 9 9
0242p212_ps1_phot.fits.gz 952 951
11 11 11
0244p075_ps1_phot.fits.gz 963 962
12 12 12
0303p060_ps1_phot.fits.gz 1185 1184
17 17 17
0342p287_ps1_phot.fits.gz 1333 1332
14 14 14
0367p090_ps1_phot.fits.gz 1427 1426
1 1 1
0401m122_ps1_phot.fits.gz 1553 1552
17 17 17
0438m031_ps1_phot.fits.gz 1659 1658
5 5 5
0529m016_ps1_phot.fits.gz 1927 1926
0 0 0
0538m107_ps1_phot.fits.gz 1954 1953
0 0 0
0559m016_ps1_phot.fits.gz 2010 2009
7 7 7
0574m016_ps1_phot.fits.gz 2048 2047
4 4 4
0707m107_ps1_phot.fits.gz 2401 2400
24 24 24
0723m107_ps1_phot.fits.gz 2440 2439
0 0 0
1149p272_ps1_phot.fits.gz 3103 3102
8 8 8
1194p030_ps1_phot.fits.gz 3211 3210
8 8 8
1219p757_ps1_phot.fits.gz 3276 3275
0 0 0
1235p075_ps1_phot.fits.gz 3321 3320
9 9 9
1235p454_ps1_phot.fits.gz 3323 3322
7 7 7
1264p726_ps1_phot.fits.gz 3404 3403
42 42 42
1267p272_ps1_phot.fits.gz 3414 3413
16 16 16
1285p000_ps1_phot.fits.gz 3466 3465
6 6 6
1342p075_ps1_phot.fits.gz 3657 3656
38 38 38
1351p060_ps1_phot.fits.gz 3691 3690
9 9 9
1357m076_ps1_phot.fits.gz 3713 3712
18 18 18
1406p015_ps1_phot.fits.gz 3891 3890
4 4 4
1449m076_ps1_phot.fits.gz 4047 4046
96 96 96
1477p439_ps1_phot.fits.gz 4159 4158
10 10 10
1497p030_ps1_phot.fits.gz 4230 4229
4 4 4
1507p696_ps1_phot.fits.gz 4274 4273
6 6 6
1527m031_ps1_phot.fits.gz 4344 4343
0 0 0
1575p121_ps1_phot.fits.gz 4526 4525
3 3 3
1593p090_ps1_phot.fits.gz 4594 4593
7 7 7
1610p060_ps1_phot.fits.gz 4659 4658
57 57 57
1612p151_ps1_phot.fits.gz 4666 4665
2 2 2
1686p060_ps1_phot.fits.gz 4951 4950
0 0 0
1701p045_ps1_phot.fits.gz 5002 5001
0 0 0
1724p378_ps1_phot.fits.gz 5090 5089
44 44 44
1741p393_ps1_phot.fits.gz 5151 5150
14 14 14
1761p393_ps1_phot.fits.gz 5233 5232
0 0 0
1822m061_ps1_phot.fits.gz 5455 5454
0 0 0
1855p166_ps1_phot.fits.gz 5582 5581
11 11 11
1890m031_ps1_phot.fits.gz 5715 5714
6 6 6
1913m061_ps1_phot.fits.gz 5795 5794
44 44 44
1972p151_ps1_phot.fits.gz 6023 6022
0 0 0
1983p257_ps1_phot.fits.gz 6069 6068
0 0 0
2111m061_ps1_phot.fits.gz 6544 6543
64 64 64
2135p075_ps1_phot.fits.gz 6639 6638
6 6 6
2150p257_ps1_phot.fits.gz 6700 6699
12 12 12
2238m031_ps1_phot.fits.gz 7024 7023
18 18 18
2238p151_ps1_phot.fits.gz 7029 7028
24 24 24
2288m076_ps1_phot.fits.gz 7212 7211
11 11 11
2295p166_ps1_phot.fits.gz 7237 7236
13 13 13
2372p439_ps1_phot.fits.gz 7524 7523
0 0 0
2379p151_ps1_phot.fits.gz 7561 7560
16 16 16
2382p318_ps1_phot.fits.gz 7568 7567
10 10 10
2405p030_ps1_phot.fits.gz 7656 7655
31 31 31
2430p060_ps1_phot.fits.gz 7748 7747
48 48 48
2445p060_ps1_phot.fits.gz 7809 7808
0 0 0
2458p181_ps1_phot.fits.gz 7857 7856
5 5 5
2468p287_ps1_phot.fits.gz 7896 7895
9 9 9
2473p151_ps1_phot.fits.gz 7909 7908
24 24 24
2476p106_ps1_phot.fits.gz 7920 7919
5 5 5
2518p272_ps1_phot.fits.gz 8069 8068
11 11 11
2521p348_ps1_phot.fits.gz 8088 8087
37 37 37
2539p530_ps1_phot.fits.gz 8145 8144
12 12 12
2548p424_ps1_phot.fits.gz 8168 8167
25 25 25
2646p514_ps1_phot.fits.gz 8462 8461
16 16 16
2708p636_ps1_phot.fits.gz 8614 8613
8 8 8
2810p530_ps1_phot.fits.gz 8786 8785
26 26 26
2824p575_ps1_phot.fits.gz 8801 8800
49 49 49
2894p666_ps1_phot.fits.gz 8870 8869
15 15 15
3354p090_ps1_phot.fits.gz 9862 9861
19 19 19
3402m061_ps1_phot.fits.gz 10005 10004
5 5 5
3417p045_ps1_phot.fits.gz 10051 10050
20 20 20
3524p030_ps1_phot.fits.gz 10383 10382
13 13 13
3538m091_ps1_phot.fits.gz 10419 10418
10 10 10
(8832, 1)
0000m046_ps1_phot.fits.gz 3 2
27 27 27
0000m122_ps1_phot.fits.gz 8 7
6 6 6
0000p121_ps1_phot.fits.gz 28 27
40 40 40
0000p136_ps1_phot.fits.gz 29 28
4 4 4
0000p212_ps1_phot.fits.gz 34 33
5 5 5
0015m107_ps1_phot.fits.gz 86 85
8 8 8
0015p136_ps1_phot.fits.gz 101 100
12 12 12
0016p212_ps1_phot.fits.gz 112 111
3 3 3
0030p030_ps1_phot.fits.gz 149 148
7 7 7
0030p075_ps1_phot.fits.gz 152 151
2 2 2
0030p121_ps1_phot.fits.gz 155 154
3 3 3
0045p045_ps1_phot.fits.gz 207 206
6 6 6
0045p075_ps1_phot.fits.gz 209 208
14 14 14
0048p227_ps1_phot.fits.gz 231 230
6 6 6
0062p166_ps1_phot.fits.gz 280 279
3 3 3
0066p257_ps1_phot.fits.gz 297 296
11 11 11
0068p287_ps1_phot.fits.gz 303 302
11 11 11
0078p151_ps1_phot.fits.gz 339 338
9 9 9
0090m031_ps1_phot.fits.gz 373 372
8 8 8
0090p030_ps1_phot.fits.gz 376 375
15 15 15
0092p106_ps1_phot.fits.gz 390 389
3 3 3
0099p242_ps1_phot.fits.gz 417 416
3 3 3
0105p318_ps1_phot.fits.gz 435 434
8 8 8
0110p166_ps1_phot.fits.gz 459 458
6 6 6
0120m288_ps1_phot.fits.gz 487 486
9 9 9
0123p106_ps1_phot.fits.gz 507 506
9 9 9
0136m046_ps1_phot.fits.gz 549 548
5 5 5
0139m122_ps1_phot.fits.gz 566 565
5 5 5
0140m152_ps1_phot.fits.gz 573 572
26 26 26
0151p030_ps1_phot.fits.gz 610 609
12 12 12
0151p045_ps1_phot.fits.gz 611 610
12 12 12
0155m137_ps1_phot.fits.gz 629 628
7 7 7
0169m122_ps1_phot.fits.gz 680 679
16 16 16
0181p030_ps1_phot.fits.gz 722 721
8 8 8
0182p060_ps1_phot.fits.gz 727 726
7 7 7
0183p257_ps1_phot.fits.gz 735 734
36 36 36
0195p227_ps1_phot.fits.gz 773 772
17 17 17
0199p090_ps1_phot.fits.gz 795 794
7 7 7
0199p106_ps1_phot.fits.gz 796 795
23 23 23
0211p000_ps1_phot.fits.gz 834 833
7 7 7
0219p272_ps1_phot.fits.gz 869 868
8 8 8
0222p181_ps1_phot.fits.gz 878 877
7 7 7
0222p287_ps1_phot.fits.gz 879 878
3 3 3
0231p242_ps1_phot.fits.gz 915 914
2 2 2
0237p181_ps1_phot.fits.gz 934 933
16 16 16
0240p196_ps1_phot.fits.gz 942 941
26 26 26
0243p060_ps1_phot.fits.gz 958 957
64 64 64
0244p227_ps1_phot.fits.gz 964 963
12 12 12
0260p090_ps1_phot.fits.gz 1024 1023
7 7 7
0272m016_ps1_phot.fits.gz 1061 1060
5 5 5
0279m137_ps1_phot.fits.gz 1093 1092
12 12 12
0288m061_ps1_phot.fits.gz 1123 1122
18 18 18
0288p045_ps1_phot.fits.gz 1125 1124
68 68 68
0288p060_ps1_phot.fits.gz 1126 1125
0 0 0
0301m182_ps1_phot.fits.gz 1174 1173
66 66 66
0302m016_ps1_phot.fits.gz 1177 1176
11 11 11
0303m046_ps1_phot.fits.gz 1182 1181
13 13 13
0304p196_ps1_phot.fits.gz 1190 1189
11 11 11
0305m076_ps1_phot.fits.gz 1193 1192
8 8 8
0313p302_ps1_phot.fits.gz 1220 1219
20 20 20
0317p030_ps1_phot.fits.gz 1237 1236
9 9 9
0330m167_ps1_phot.fits.gz 1279 1278
12 12 12
0330p302_ps1_phot.fits.gz 1283 1282
3 3 3
0334p045_ps1_phot.fits.gz 1301 1300
9 9 9
0349p045_ps1_phot.fits.gz 1360 1359
15 15 15
0366p075_ps1_phot.fits.gz 1424 1423
8 8 8
0367m091_ps1_phot.fits.gz 1426 1425
4 4 4
0380m182_ps1_phot.fits.gz 1475 1474
4 4 4
0381p075_ps1_phot.fits.gz 1478 1477
1 1 1
0384p106_ps1_phot.fits.gz 1491 1490
11 11 11
0384p196_ps1_phot.fits.gz 1492 1491
51 51 51
0396m076_ps1_phot.fits.gz 1536 1535
24 24 24
0399m107_ps1_phot.fits.gz 1545 1544
9 9 9
0410m046_ps1_phot.fits.gz 1576 1575
72 72 72
0410p060_ps1_phot.fits.gz 1579 1578
28 28 28
0423m031_ps1_phot.fits.gz 1614 1613
2 2 2
0425m061_ps1_phot.fits.gz 1625 1624
8 8 8
0453m152_ps1_phot.fits.gz 1706 1705
5 5 5
0455m061_ps1_phot.fits.gz 1714 1713
3 3 3
0463m122_ps1_phot.fits.gz 1737 1736
37 37 37
0470m046_ps1_phot.fits.gz 1760 1759
3 3 3
0499m031_ps1_phot.fits.gz 1839 1838
25 25 25
0507m182_ps1_phot.fits.gz 1867 1866
10 10 10
0514m016_ps1_phot.fits.gz 1883 1882
7 7 7
0514p015_ps1_phot.fits.gz 1887 1886
5 5 5
0525m122_ps1_phot.fits.gz 1919 1918
12 12 12
0531m061_ps1_phot.fits.gz 1935 1934
22 22 22
0544m016_ps1_phot.fits.gz 1967 1966
0 0 0
0553m107_ps1_phot.fits.gz 1996 1995
10 10 10
0582m091_ps1_phot.fits.gz 2079 2078
29 29 29
0607m046_ps1_phot.fits.gz 2149 2148
18 18 18
0612m091_ps1_phot.fits.gz 2164 2163
8 8 8
0613m167_ps1_phot.fits.gz 2166 2165
6 6 6
0618m122_ps1_phot.fits.gz 2176 2175
13 13 13
0622m046_ps1_phot.fits.gz 2189 2188
14 14 14
0636m137_ps1_phot.fits.gz 2229 2228
29 29 29
0640m076_ps1_phot.fits.gz 2236 2235
32 32 32
0648m122_ps1_phot.fits.gz 2255 2254
10 10 10
0665m016_ps1_phot.fits.gz 2296 2295
7 7 7
0665p015_ps1_phot.fits.gz 2299 2298
4 4 4
0674m091_ps1_phot.fits.gz 2321 2320
9 9 9
0683m046_ps1_phot.fits.gz 2346 2345
26 26 26
0704m091_ps1_phot.fits.gz 2395 2394
8 8 8
0726m016_ps1_phot.fits.gz 2444 2443
45 45 45
0732m076_ps1_phot.fits.gz 2463 2462
37 37 37
0947p620_ps1_phot.fits.gz 2830 2829
8 8 8
1078p348_ps1_phot.fits.gz 2973 2972
18 18 18
1079p575_ps1_phot.fits.gz 2976 2975
18 18 18
1098p378_ps1_phot.fits.gz 3011 3010
19 19 19
1128p454_ps1_phot.fits.gz 3062 3061
8 8 8
1132p272_ps1_phot.fits.gz 3070 3069
12 12 12
1150p257_ps1_phot.fits.gz 3104 3103
4 4 4
1162p212_ps1_phot.fits.gz 3132 3131
18 18 18
1168p196_ps1_phot.fits.gz 3147 3146
13 13 13
1194p015_ps1_phot.fits.gz 3210 3209
10 10 10
1200p257_ps1_phot.fits.gz 3224 3223
10 10 10
1200p272_ps1_phot.fits.gz 3225 3224
12 12 12
1200p393_ps1_phot.fits.gz 3229 3228
14 14 14
1200p469_ps1_phot.fits.gz 3230 3229
4 4 4
1205p333_ps1_phot.fits.gz 3240 3239
8 8 8
1210p166_ps1_phot.fits.gz 3253 3252
9 9 9
1216p726_ps1_phot.fits.gz 3269 3268
24 24 24
1217p742_ps1_phot.fits.gz 3273 3272
14 14 14
1227p439_ps1_phot.fits.gz 3304 3303
12 12 12
1230p060_ps1_phot.fits.gz 3307 3306
0 0 0
1241p136_ps1_phot.fits.gz 3339 3338
13 13 13
1249p363_ps1_phot.fits.gz 3354 3353
40 40 40
1250p378_ps1_phot.fits.gz 3359 3358
9 9 9
1255m031_ps1_phot.fits.gz 3372 3371
14 14 14
1255p015_ps1_phot.fits.gz 3374 3373
15 15 15
1260p348_ps1_phot.fits.gz 3395 3394
6 6 6
1266p257_ps1_phot.fits.gz 3412 3411
0 0 0
1268p287_ps1_phot.fits.gz 3417 3416
31 31 31
1275p060_ps1_phot.fits.gz 3440 3439
8 8 8
1285m016_ps1_phot.fits.gz 3464 3463
20 20 20
1304p302_ps1_phot.fits.gz 3534 3533
10 10 10
1315m016_ps1_phot.fits.gz 3564 3563
10 10 10
1321p302_ps1_phot.fits.gz 3590 3589
0 0 0
1326p378_ps1_phot.fits.gz 3601 3600
5 5 5
1336m061_ps1_phot.fits.gz 3640 3639
8 8 8
1336p060_ps1_phot.fits.gz 3643 3642
18 18 18
1351m061_ps1_phot.fits.gz 3688 3687
0 0 0
1351p045_ps1_phot.fits.gz 3690 3689
28 28 28
1356p530_ps1_phot.fits.gz 3711 3710
3 3 3
1361m031_ps1_phot.fits.gz 3724 3723
12 12 12
1375p121_ps1_phot.fits.gz 3773 3772
4 4 4
1376m031_ps1_phot.fits.gz 3776 3775
5 5 5
1378p090_ps1_phot.fits.gz 3787 3786
7 7 7
1384p106_ps1_phot.fits.gz 3810 3809
8 8 8
1391p015_ps1_phot.fits.gz 3834 3833
45 45 45
1399p106_ps1_phot.fits.gz 3865 3864
41 41 41
1404p545_ps1_phot.fits.gz 3883 3882
5 5 5
1412p575_ps1_phot.fits.gz 3917 3916
6 6 6
1421m031_ps1_phot.fits.gz 3944 3943
11 11 11
1436p000_ps1_phot.fits.gz 4001 4000
10 10 10
1436p030_ps1_phot.fits.gz 4003 4002
15 15 15
1443m061_ps1_phot.fits.gz 4030 4029
42 42 42
1452m031_ps1_phot.fits.gz 4056 4055
10 10 10
1452p030_ps1_phot.fits.gz 4061 4060
8 8 8
1454p530_ps1_phot.fits.gz 4072 4071
10 10 10
1456p439_ps1_phot.fits.gz 4081 4080
2 2 2
1458m061_ps1_phot.fits.gz 4086 4085
11 11 11
1465p696_ps1_phot.fits.gz 4110 4109
1 1 1
1477p166_ps1_phot.fits.gz 4157 4156
12 12 12
1479p075_ps1_phot.fits.gz 4164 4163
13 13 13
1482p030_ps1_phot.fits.gz 4173 4172
0 0 0
1488p060_ps1_phot.fits.gz 4203 4202
10 10 10
1502p151_ps1_phot.fits.gz 4249 4248
7 7 7
1503p045_ps1_phot.fits.gz 4255 4254
16 16 16
1512m031_ps1_phot.fits.gz 4289 4288
5 5 5
1512p000_ps1_phot.fits.gz 4290 4289
7 7 7
1523p106_ps1_phot.fits.gz 4332 4331
17 17 17
1527m016_ps1_phot.fits.gz 4343 4342
6 6 6
1534m046_ps1_phot.fits.gz 4372 4371
20 20 20
1549p045_ps1_phot.fits.gz 4426 4425
4 4 4
1549p060_ps1_phot.fits.gz 4427 4426
3 3 3
1567p393_ps1_phot.fits.gz 4496 4495
6 6 6
1569p106_ps1_phot.fits.gz 4503 4502
22 22 22
1572p378_ps1_phot.fits.gz 4515 4514
31 31 31
1573m031_ps1_phot.fits.gz 4518 4517
11 11 11
1577p090_ps1_phot.fits.gz 4531 4530
30 30 30
1579p045_ps1_phot.fits.gz 4539 4538
6 6 6
1586p075_ps1_phot.fits.gz 4572 4571
18 18 18
1594p045_ps1_phot.fits.gz 4598 4597
8 8 8
1596p151_ps1_phot.fits.gz 4604 4603
2 2 2
1601p075_ps1_phot.fits.gz 4626 4625
9 9 9
1603p000_ps1_phot.fits.gz 4637 4636
13 13 13
1630p106_ps1_phot.fits.gz 4735 4734
9 9 9
1640m046_ps1_phot.fits.gz 4768 4767
17 17 17
1640m061_ps1_phot.fits.gz 4769 4768
5 5 5
1640p060_ps1_phot.fits.gz 4771 4770
6 6 6
1642p484_ps1_phot.fits.gz 4778 4777
7 7 7
1655m046_ps1_phot.fits.gz 4827 4826
16 16 16
1663p015_ps1_phot.fits.gz 4862 4861
11 11 11
1670p045_ps1_phot.fits.gz 4887 4886
7 7 7
1670p060_ps1_phot.fits.gz 4888 4887
20 20 20
1674p151_ps1_phot.fits.gz 4898 4897
3 3 3
1678m016_ps1_phot.fits.gz 4912 4911
16 16 16
1686p378_ps1_phot.fits.gz 4953 4952
7 7 7
1692p514_ps1_phot.fits.gz 4965 4964
17 17 17
1694p000_ps1_phot.fits.gz 4971 4970
28 28 28
1694p030_ps1_phot.fits.gz 4973 4972
24 24 24
1699p590_ps1_phot.fits.gz 4993 4992
24 24 24
1705p378_ps1_phot.fits.gz 5012 5011
44 44 44
1712p196_ps1_phot.fits.gz 5045 5044
7 7 7
1716m061_ps1_phot.fits.gz 5056 5055
4 4 4
1722p393_ps1_phot.fits.gz 5077 5076
6 6 6
1724p000_ps1_phot.fits.gz 5087 5086
10 10 10
1724p030_ps1_phot.fits.gz 5089 5088
9 9 9
1732p484_ps1_phot.fits.gz 5119 5118
11 11 11
1738m076_ps1_phot.fits.gz 5134 5133
17 17 17
1747p318_ps1_phot.fits.gz 5179 5178
14 14 14
1754m031_ps1_phot.fits.gz 5201 5200
11 11 11
1754p000_ps1_phot.fits.gz 5203 5202
10 10 10
1754p075_ps1_phot.fits.gz 5206 5205
11 11 11
1755p711_ps1_phot.fits.gz 5209 5208
8 8 8
1760p408_ps1_phot.fits.gz 5228 5227
6 6 6
1769m076_ps1_phot.fits.gz 5260 5259
11 11 11
1781p333_ps1_phot.fits.gz 5298 5297
10 10 10
1782p287_ps1_phot.fits.gz 5302 5301
6 6 6
1784p015_ps1_phot.fits.gz 5317 5316
3 3 3
1790p363_ps1_phot.fits.gz 5332 5331
13 13 13
1792m061_ps1_phot.fits.gz 5341 5340
16 16 16
1792p060_ps1_phot.fits.gz 5348 5347
6 6 6
1810p454_ps1_phot.fits.gz 5418 5417
9 9 9
1815m076_ps1_phot.fits.gz 5427 5426
28 28 28
1823p166_ps1_phot.fits.gz 5465 5464
8 8 8
1824p530_ps1_phot.fits.gz 5473 5472
5 5 5
1827p363_ps1_phot.fits.gz 5478 5477
10 10 10
1830m031_ps1_phot.fits.gz 5481 5480
16 16 16
1837m046_ps1_phot.fits.gz 5508 5507
7 7 7
1845m016_ps1_phot.fits.gz 5539 5538
44 44 44
1845m031_ps1_phot.fits.gz 5540 5539
12 12 12
1846p151_ps1_phot.fits.gz 5553 5552
0 0 0
1853p060_ps1_phot.fits.gz 5572 5571
15 15 15
1863p348_ps1_phot.fits.gz 5618 5617
98 98 98
1875m016_ps1_phot.fits.gz 5657 5656
5 5 5
1875m031_ps1_phot.fits.gz 5658 5657
4 4 4
1875p015_ps1_phot.fits.gz 5660 5659
32 32 32
1879p408_ps1_phot.fits.gz 5676 5675
9 9 9
1889p333_ps1_phot.fits.gz 5711 5710
12 12 12
1900p348_ps1_phot.fits.gz 5756 5755
14 14 14
1907p333_ps1_phot.fits.gz 5784 5783
16 16 16
1913m046_ps1_phot.fits.gz 5794 5793
22 22 22
1921p000_ps1_phot.fits.gz 5830 5829
7 7 7
1921p363_ps1_phot.fits.gz 5834 5833
20 20 20
1925p333_ps1_phot.fits.gz 5849 5848
37 37 37
1936m031_ps1_phot.fits.gz 5883 5882
43 43 43
1936p030_ps1_phot.fits.gz 5887 5886
10 10 10
1939p363_ps1_phot.fits.gz 5906 5905
7 7 7
1951p000_ps1_phot.fits.gz 5943 5942
28 28 28
1956p151_ps1_phot.fits.gz 5965 5964
18 18 18
1976p439_ps1_phot.fits.gz 6038 6037
12 12 12
1977p272_ps1_phot.fits.gz 6042 6041
5 5 5
1981p454_ps1_phot.fits.gz 6060 6059
7 7 7
1996m016_ps1_phot.fits.gz 6107 6106
7 7 7
1996p030_ps1_phot.fits.gz 6112 6111
7 7 7
2011p015_ps1_phot.fits.gz 6167 6166
12 12 12
2064p318_ps1_phot.fits.gz 6368 6367
32 32 32
2066p454_ps1_phot.fits.gz 6382 6381
20 20 20
2072p030_ps1_phot.fits.gz 6403 6402
12 12 12
2084p378_ps1_phot.fits.gz 6446 6445
6 6 6
2090p499_ps1_phot.fits.gz 6467 6466
5 5 5
2096m061_ps1_phot.fits.gz 6488 6487
17 17 17
2098m091_ps1_phot.fits.gz 6500 6499
4 4 4
2116p408_ps1_phot.fits.gz 6569 6568
7 7 7
2119p348_ps1_phot.fits.gz 6580 6579
9 9 9
2120p075_ps1_phot.fits.gz 6583 6582
0 0 0
2122p439_ps1_phot.fits.gz 6591 6590
5 5 5
2126p363_ps1_phot.fits.gz 6606 6605
6 6 6
2146p272_ps1_phot.fits.gz 6681 6680
6 6 6
2156m046_ps1_phot.fits.gz 6708 6707
11 11 11
2156m061_ps1_phot.fits.gz 6709 6708
10 10 10
2163m031_ps1_phot.fits.gz 6740 6739
9 9 9
2177p287_ps1_phot.fits.gz 6794 6793
6 6 6
2187p045_ps1_phot.fits.gz 6833 6832
21 21 21
2201p651_ps1_phot.fits.gz 6887 6886
9 9 9
2208p015_ps1_phot.fits.gz 6914 6913
40 40 40
2211p348_ps1_phot.fits.gz 6927 6926
4 4 4
2216p378_ps1_phot.fits.gz 6947 6946
26 26 26
2219p363_ps1_phot.fits.gz 6957 6956
15 15 15
2221p090_ps1_phot.fits.gz 6963 6962
9 9 9
2230p106_ps1_phot.fits.gz 6997 6996
13 13 13
2231p333_ps1_phot.fits.gz 7001 7000
8 8 8
2234p136_ps1_phot.fits.gz 7012 7011
48 48 48
2238m016_ps1_phot.fits.gz 7023 7022
25 25 25
2246p106_ps1_phot.fits.gz 7054 7053
4 4 4
2248m061_ps1_phot.fits.gz 7065 7064
10 10 10
2256p363_ps1_phot.fits.gz 7098 7097
4 4 4
2263m061_ps1_phot.fits.gz 7115 7114
53 53 53
2263p060_ps1_phot.fits.gz 7118 7117
12 12 12
2271p121_ps1_phot.fits.gz 7152 7151
10 10 10
2272m076_ps1_phot.fits.gz 7154 7153
0 0 0
2279p166_ps1_phot.fits.gz 7181 7180
0 0 0
2284p015_ps1_phot.fits.gz 7202 7201
11 11 11
2293m046_ps1_phot.fits.gz 7224 7223
10 10 10
2300p151_ps1_phot.fits.gz 7263 7262
14 14 14
2308p212_ps1_phot.fits.gz 7290 7289
7 7 7
2311p318_ps1_phot.fits.gz 7297 7296
12 12 12
2322p393_ps1_phot.fits.gz 7339 7338
3 3 3
2329p030_ps1_phot.fits.gz 7367 7366
8 8 8
2329p227_ps1_phot.fits.gz 7368 7367
20 20 20
2330p378_ps1_phot.fits.gz 7372 7371
36 36 36
2339p333_ps1_phot.fits.gz 7406 7405
72 72 72
2341p393_ps1_phot.fits.gz 7413 7412
16 16 16
2344p015_ps1_phot.fits.gz 7428 7427
11 11 11
2348p121_ps1_phot.fits.gz 7446 7445
9 9 9
2364p318_ps1_phot.fits.gz 7500 7499
10 10 10
2366p424_ps1_phot.fits.gz 7509 7508
13 13 13
2374p000_ps1_phot.fits.gz 7536 7535
46 46 46
2374p030_ps1_phot.fits.gz 7538 7537
16 16 16
2374p136_ps1_phot.fits.gz 7540 7539
32 32 32
2382p302_ps1_phot.fits.gz 7567 7566
8 8 8
2393p333_ps1_phot.fits.gz 7607 7606
44 44 44
2394p075_ps1_phot.fits.gz 7617 7616
32 32 32
2399p045_ps1_phot.fits.gz 7626 7625
3 3 3
2411p333_ps1_phot.fits.gz 7680 7679
26 26 26
2412p348_ps1_phot.fits.gz 7683 7682
11 11 11
2415p060_ps1_phot.fits.gz 7692 7691
21 21 21
2429p333_ps1_phot.fits.gz 7742 7741
72 72 72
2441p151_ps1_phot.fits.gz 7793 7792
10 10 10
2442p181_ps1_phot.fits.gz 7796 7795
2 2 2
2444p378_ps1_phot.fits.gz 7804 7803
30 30 30
2456p121_ps1_phot.fits.gz 7853 7852
11 11 11
2461p106_ps1_phot.fits.gz 7869 7868
0 0 0
2467p136_ps1_phot.fits.gz 7890 7889
113 113 113
2467p272_ps1_phot.fits.gz 7891 7890
0 0 0
2471p075_ps1_phot.fits.gz 7903 7902
21 21 21
2481p090_ps1_phot.fits.gz 7940 7939
9 9 9
2483p333_ps1_phot.fits.gz 7949 7948
8 8 8
2487p424_ps1_phot.fits.gz 7962 7961
11 11 11
2496p393_ps1_phot.fits.gz 7994 7993
11 11 11
2501p333_ps1_phot.fits.gz 8009 8008
10 10 10
2510p000_ps1_phot.fits.gz 8041 8040
64 64 64
2515p530_ps1_phot.fits.gz 8058 8057
10 10 10
2516p257_ps1_phot.fits.gz 8061 8060
0 0 0
2519p333_ps1_phot.fits.gz 8073 8072
22 22 22
2538p439_ps1_phot.fits.gz 8143 8142
13 13 13
2539p302_ps1_phot.fits.gz 8144 8143
9 9 9
2551p045_ps1_phot.fits.gz 8177 8176
15 15 15
2551p514_ps1_phot.fits.gz 8181 8180
9 9 9
2555p333_ps1_phot.fits.gz 8195 8194
28 28 28
2557p378_ps1_phot.fits.gz 8205 8204
9 9 9
2567p045_ps1_phot.fits.gz 8233 8232
52 52 52
2576p348_ps1_phot.fits.gz 8264 8263
14 14 14
2590p227_ps1_phot.fits.gz 8303 8302
17 17 17
2591p408_ps1_phot.fits.gz 8307 8306
7 7 7
2610p605_ps1_phot.fits.gz 8364 8363
7 7 7
2614p378_ps1_phot.fits.gz 8381 8380
12 12 12
2620p590_ps1_phot.fits.gz 8395 8394
26 26 26
2625p242_ps1_phot.fits.gz 8407 8406
18 18 18
2626p302_ps1_phot.fits.gz 8409 8408
30 30 30
2633p378_ps1_phot.fits.gz 8435 8434
11 11 11
2638p530_ps1_phot.fits.gz 8444 8443
5 5 5
2641p454_ps1_phot.fits.gz 8451 8450
12 12 12
2650p408_ps1_phot.fits.gz 8478 8477
16 16 16
2667p363_ps1_phot.fits.gz 8516 8515
6 6 6
2670p499_ps1_phot.fits.gz 8524 8523
17 17 17
2675p636_ps1_phot.fits.gz 8539 8538
3 3 3
2678p302_ps1_phot.fits.gz 8544 8543
7 7 7
2705p469_ps1_phot.fits.gz 8607 8606
11 11 11
2709p666_ps1_phot.fits.gz 8618 8617
12 12 12
2717p499_ps1_phot.fits.gz 8630 8629
32 32 32
2789p333_ps1_phot.fits.gz 8755 8754
23 23 23
2795p348_ps1_phot.fits.gz 8766 8765
21 21 21
2808p545_ps1_phot.fits.gz 8781 8780
27 27 27
2822p590_ps1_phot.fits.gz 8799 8798
25 25 25
2873p636_ps1_phot.fits.gz 8848 8847
6 6 6
2887p681_ps1_phot.fits.gz 8865 8864
6 6 6
3068m046_ps1_phot.fits.gz 9132 9131
16 16 16
3083m046_ps1_phot.fits.gz 9160 9159
40 40 40
3113m061_ps1_phot.fits.gz 9227 9226
19 19 19
3129m046_ps1_phot.fits.gz 9262 9261
27 27 27
3174p060_ps1_phot.fits.gz 9372 9371
12 12 12
3235p060_ps1_phot.fits.gz 9530 9529
4 4 4
3264m076_ps1_phot.fits.gz 9603 9602
10 10 10
3267m016_ps1_phot.fits.gz 9617 9616
21 21 21
3279m076_ps1_phot.fits.gz 9647 9646
15 15 15
3283p257_ps1_phot.fits.gz 9665 9664
11 11 11
3294m076_ps1_phot.fits.gz 9689 9688
12 12 12
3335p242_ps1_phot.fits.gz 9806 9805
8 8 8
3341m046_ps1_phot.fits.gz 9822 9821
10 10 10
3352p121_ps1_phot.fits.gz 9855 9854
3 3 3
3353p106_ps1_phot.fits.gz 9859 9858
14 14 14
3360p196_ps1_phot.fits.gz 9882 9881
13 13 13
3370p090_ps1_phot.fits.gz 9908 9907
6 6 6
3387m046_ps1_phot.fits.gz 9957 9956
13 13 13
3387m061_ps1_phot.fits.gz 9958 9957
10 10 10
3388p015_ps1_phot.fits.gz 9966 9965
12 12 12
3401p242_ps1_phot.fits.gz 10002 10001
17 17 17
3402p045_ps1_phot.fits.gz 10006 10005
32 32 32
3403m016_ps1_phot.fits.gz 10009 10008
11 11 11
3414m122_ps1_phot.fits.gz 10037 10036
12 12 12
3416p090_ps1_phot.fits.gz 10047 10046
13 13 13
3426p302_ps1_phot.fits.gz 10073 10072
57 57 57
3432m046_ps1_phot.fits.gz 10091 10090
5 5 5
3443p151_ps1_phot.fits.gz 10124 10123
16 16 16
3458p166_ps1_phot.fits.gz 10169 10168
0 0 0
3460m122_ps1_phot.fits.gz 10174 10173
33 33 33
3461p106_ps1_phot.fits.gz 10180 10179
7 7 7
3474p151_ps1_phot.fits.gz 10219 10218
9 9 9
3476p318_ps1_phot.fits.gz 10228 10227
8 8 8
3478m061_ps1_phot.fits.gz 10234 10233
37 37 37
3479p030_ps1_phot.fits.gz 10243 10242
46 46 46
3487p212_ps1_phot.fits.gz 10259 10258
4 4 4
3494m016_ps1_phot.fits.gz 10285 10284
9 9 9
3509p030_ps1_phot.fits.gz 10338 10337
21 21 21
3524p015_ps1_phot.fits.gz 10382 10381
26 26 26
3538m076_ps1_phot.fits.gz 10418 10417
26 26 26
3538m107_ps1_phot.fits.gz 10420 10419
7 7 7
3538p090_ps1_phot.fits.gz 10423 10422
9 9 9
3539m061_ps1_phot.fits.gz 10429 10428
15 15 15
3554p045_ps1_phot.fits.gz 10479 10478
22 22 22
(8832, 0)
('ix_input', 'ra_input', 'dec_input', '__workcid___input', 'sep_input', 'objID', 'gPSFFlux', 'gPSFFluxErr', 'gKronFlux', 'gKronFluxErr', 'rPSFFlux', 'rPSFFluxErr', 'rKronFlux', 'rKronFluxErr', 'iPSFFlux', 'iPSFFluxErr', 'iKronFlux', 'iKronFluxErr', 'zPSFFlux', 'zPSFFluxErr', 'zKronFlux', 'zKronFluxErr', 'yPSFFlux', 'yPSFFluxErr', 'yKronFlux', 'yKronFluxErr', 'raBest', 'decBest', 'raStack', 'decStack', 'raStackErr', 'decStackErr', 'raMean', 'decMean', 'raMeanErr', 'decMeanErr', 'objInfoFlag', 'qualityFlag', 'primaryDetection', 'bestDetection', 'duplicat', 'd_to', 'fitext', 'devaucou', 'star', 'w1fit', 'w1bad', 'w1flux', 'dw1flux', 'w1mag', 'dw1mag', 'w2fit', 'w2bad', 'w2flux', 'dw2flux', 'w2mag', 'dw2mag')
./new_HZQ/buf/__buf__/part-00000.ps_fluxes.fits saved
[1.45435333e-05 6.17674157e+02] 617.6741714477539 617.6743161678314 Execution time
